1, 3, 4, 5, 6, 10, 13, 16, 18, 20, 22, 23, 24, 25, 30, 35, 36, 37, 38, 39, 42, 44, 45, 47, 49, 50, 51, 52, 53, 55, 56, 57, 59, 60, 61, 62, 66, 70, 71, 72, 73, 74, 75, 77, 78, 79, 88, 91, 92, 93, 94, 95, 96, 97, 98
66, 37, 72, 73, 91, 14, 17, 51, 21, 22, 27, 92, 62
0, 1, 3, 4, 5, 6, 7, 8, 9, 10, 11, 13, 17, 18, 19, 22, 23, 24, 26, 29, 30, 32, 34, 35, 36, 37, 39, 43, 46, 47, 48, 51, 52, 53, 58, 60, 61, 62, 63, 64, 66, 67, 68, 69, 70, 71, 72, 73, 74, 76, 78, 79, 80, 83, 84, 85, 86, 88, 89, 91, 96
1, 5, 8, 9, 12, 16, 19, 21, 26, 29, 31, 32, 33, 36, 37, 39, 40, 43, 45, 53, 58, 61, 63, 71, 72, 73, 77, 80, 84, 91
32, 64, 96, 3, 36, 65, 38, 72, 73, 10, 75, 15, 49, 21, 56, 60, 61, 95
3, 7, 10, 15, 17, 20, 21, 26, 28, 32, 34, 37, 38, 39, 41, 43, 44, 46, 52, 57, 61, 62, 63, 66, 69, 70, 74, 76, 78, 80, 81, 82, 86, 91, 94, 97
0, 1, 2, 3, 8, 9, 11, 12, 13, 15, 16, 18, 19, 21, 23, 25, 26, 27, 28, 30, 33, 34, 35, 36, 37, 39, 44, 45, 47, 48, 50, 52, 53, 55, 56, 57, 58, 60, 63, 64, 67, 69, 70, 71, 72, 74, 75, 76, 80, 81, 83, 86, 87, 88, 90, 93, 94, 98, 99
1, 73, 10, 11, 16, 50, 55, 58, 91, 62
2, 3, 5, 10, 12, 13, 14, 15, 18, 20, 22, 23, 31, 33, 36, 37, 43, 45, 46, 53, 54, 55, 56, 58, 59, 61, 62, 63, 64, 68, 70, 75, 76, 79, 80, 84, 86, 88, 89, 91, 93, 94, 95, 96, 97, 98
5, 8, 11, 12, 13, 14, 15, 16, 20, 22, 26, 28, 30, 31, 36, 39, 41, 43, 44, 45, 46, 47, 48, 49, 50, 54, 55, 56, 59, 60, 63, 64, 65, 66, 67, 68, 69, 71, 72, 73, 74, 75, 77, 78, 79, 80, 84, 85, 86, 87, 88, 89, 90, 91, 92, 93, 94, 95, 97, 99
2, 12, 14, 16, 17, 18, 23, 26, 27, 34, 36, 40, 44, 46, 47, 52, 53, 55, 70, 71, 73, 74, 75, 76, 82, 86, 93, 94
1, 2, 3, 4, 5, 7, 9, 10, 12, 14, 17, 19, 22, 24, 26, 28, 31, 33, 36, 37, 39, 40, 41, 42, 43, 44, 45, 46, 52, 54, 55, 56, 58, 59, 60, 61, 62, 63, 64, 65, 67, 68, 70, 71, 73, 74, 76, 77, 78, 79, 80, 81, 82, 83, 84, 91, 92, 95, 96
5, 6, 7, 11, 21, 22, 23, 24, 26, 29, 31, 33, 34, 41, 43, 47, 52, 56, 57, 62, 64, 68, 72, 74, 77, 81, 83, 89, 93, 97
7, 11, 12, 14, 18, 23, 24, 25, 31, 32, 35, 36, 38, 40, 47, 50, 55, 56, 61, 62, 66, 74, 75, 76, 78, 81, 82, 84, 86, 87, 88, 90, 92, 94, 95, 99
2, 4, 6, 8, 9, 11, 12, 13, 16, 17, 18, 21, 23, 25, 27, 34, 37, 46, 47, 48, 49, 55, 59, 61, 62, 69, 71, 74, 76, 77, 83, 84, 89, 90, 91, 92, 95, 99
3, 6, 42, 11, 47, 79, 19, 93, 53, 86, 23, 60, 61
0, 4, 5, 7, 9, 11, 12, 14, 18, 24, 25, 26, 28, 29, 31, 32, 33, 34, 35, 36, 39, 40, 42, 49, 51, 52, 54, 55, 62, 63, 66, 67, 69, 70, 71, 72, 73, 74, 76, 78, 81, 82, 84, 86, 87, 89, 90, 91, 92, 95, 97, 99
3, 4, 5, 9, 10, 11, 14, 18, 19, 22, 23, 30, 31, 34, 36, 41, 43, 44, 49, 52, 55, 56, 60, 63, 73, 74, 75, 76, 77, 78, 82, 83, 84, 86, 87, 89, 91, 92, 96, 97
2, 3, 4, 7, 11, 14, 15, 17, 19, 20, 22, 26, 28, 31, 38, 43, 44, 50, 54, 65, 69, 70, 72, 74, 80, 86, 87, 91, 96
6, 8, 12, 14, 23, 24, 25, 26, 28, 42, 47, 57, 58, 74, 84, 87, 90, 91, 95
1, 3, 5, 7, 8, 9, 12, 13, 15, 19, 21, 24, 26, 28, 29, 30, 32, 34, 35, 36, 40, 42, 43, 44, 45, 46, 47, 48, 50, 51, 52, 53, 54, 56, 59, 61, 62, 64, 68, 70, 71, 72, 73, 75, 76, 81, 82, 83, 85, 86, 89, 94, 95, 97, 99
0, 1, 2, 3, 7, 9, 11, 12, 19, 27, 28, 29, 30, 33, 36, 40, 50, 60, 66, 68, 70, 74, 76, 77, 84, 85, 91
4, 6, 9, 11, 17, 18, 24, 30, 35, 36, 40, 41, 44, 49, 50, 53, 54, 55, 56, 57, 58, 67, 74, 76, 79, 82, 83, 87, 88, 97
1, 3, 4, 7, 9, 10, 11, 12, 14, 15, 16, 18, 19, 20, 22, 24, 27, 28, 32, 38, 40, 41, 42, 43, 47, 48, 49, 51, 52, 54, 55, 57, 60, 61, 62, 63, 66, 67, 69, 72, 74, 75, 78, 80, 83, 86, 89, 92, 93, 95, 99
0, 4, 7, 8, 10, 14, 17, 19, 21, 27, 29, 32, 33, 38, 41, 42, 43, 45, 51, 52, 53, 55, 57, 60, 64, 70, 71, 74, 75, 76, 80, 82, 84, 87, 88, 90, 93, 96, 97
1, 4, 5, 6, 7, 10, 11, 12, 17, 20, 22, 26, 28, 31, 33, 36, 37, 38, 44, 47, 50, 53, 57, 61, 62, 64, 66, 67, 69, 71, 75, 76, 81, 83, 84, 90, 91, 93, 96, 97
1, 3, 6, 7, 10, 17, 20, 25, 29, 31, 35, 37, 39, 48, 57, 58, 60, 62, 64, 67, 70, 72, 75, 77, 79, 83, 85, 89, 95, 98
0, 2, 6, 9, 11, 12, 16, 17, 19, 23, 24, 26, 29, 30, 31, 33, 35, 36, 37, 39, 40, 41, 43, 47, 48, 49, 52, 54, 56, 57, 58, 60, 61, 63, 66, 73, 74, 76, 77, 79, 81, 82, 84, 85, 86, 87, 90, 91, 94, 96, 97, 99
0, 1, 3, 4, 5, 6, 7, 12, 13, 14, 15, 17, 19, 20, 21, 22, 24, 29, 33, 38, 40, 44, 46, 50, 51, 53, 56, 57, 61, 63, 72, 74, 76, 77, 78, 83, 84, 89, 92, 93, 94
0, 2, 3, 4, 5, 6, 9, 12, 14, 16, 17, 18, 19, 24, 25, 26, 28, 32, 33, 36, 37, 38, 39, 40, 42, 44, 47, 48, 49, 50, 51, 52, 53, 55, 56, 57, 58, 59, 60, 66, 67, 68, 70, 71, 72, 73, 74, 75, 76, 80, 81, 82, 83, 84, 85, 86, 90, 93, 94, 95, 99

3, 8, 9, 13, 14, 23, 25, 27, 28, 29, 32, 37, 44, 46, 47, 49, 50, 52, 53, 57, 58, 60, 61, 63, 67, 73, 75, 79, 80, 82, 83, 86, 89, 91, 94, 96, 97, 99
7, 9, 10, 11, 13, 24, 34, 35, 40, 43, 45, 46, 48, 51, 52, 53, 55, 60, 71, 75, 79, 82, 84, 85, 88, 94
1, 2, 3, 6, 10, 11, 12, 13, 15, 17, 20, 22, 23, 25, 26, 29, 30, 31, 35, 41, 43, 45, 46, 47, 48, 49, 50, 52, 53, 54, 55, 56, 58, 60, 61, 62, 63, 69, 71, 72, 74, 76, 77, 78, 80, 81, 82, 83, 84, 85, 86, 87, 88, 89, 90, 92, 93, 94, 95, 97, 99
2, 4, 7, 11, 13, 16, 18, 23, 27, 30, 33, 35, 37, 40, 41, 45, 46, 47, 48, 52, 53, 58, 59, 60, 63, 67, 68, 71, 74, 83, 95, 96, 98, 99
2, 4, 5, 8, 9, 11, 12, 14, 17, 18, 20, 21, 22, 25, 26, 27, 29, 30, 31, 34, 36, 37, 38, 39, 42, 43, 45, 46, 49, 52, 53, 54, 56, 58, 59, 60, 61, 63, 64, 68, 69, 70, 71, 72, 73, 74, 75, 76, 77, 78, 82, 83, 84, 85, 86, 87, 88, 89, 93, 94, 97, 98, 99
0, 1, 2, 3, 4, 5, 6, 7, 8, 9, 15, 16, 19, 20, 23, 27, 29, 30, 31, 32, 35, 37, 38, 43, 47, 48, 50, 51, 52, 53, 55, 57, 58, 59, 61, 63, 64, 66, 69, 71, 72, 73, 74, 75, 78, 80, 81, 83, 84, 87, 88, 89, 90, 91, 93, 94, 95, 96, 97
2, 3, 8, 9, 13, 15, 16, 18, 33, 38, 41, 45, 46, 47, 48, 50, 57, 58, 60, 61, 71, 76, 78, 84, 86, 87, 88, 90, 91, 95, 96, 98
1, 3, 5, 7, 8, 9, 12, 15, 16, 20, 21, 22, 23, 25, 29, 30, 31, 32, 33, 35, 37, 39, 40, 41, 42, 44, 45, 47, 49, 51, 55, 56, 57, 59, 61, 62, 63, 64, 65, 66, 67, 69, 70, 72, 73, 74, 77, 78, 79, 81, 82, 83, 84, 85, 88, 90, 91, 92, 94, 95, 96, 97
0, 1, 3, 5, 11, 12, 14, 15, 21, 25, 26, 28, 29, 31, 40, 50, 58, 60, 61, 69, 70, 74, 77, 80, 83, 87, 88, 91, 92, 96
0, 1, 5, 6, 8, 9, 10, 11, 13, 15, 18, 20, 21, 22, 23, 24, 26, 29, 32, 33, 34, 37, 38, 42, 45, 46, 47, 48, 49, 50, 52, 53, 55, 56, 61, 62, 66, 67, 68, 69, 70, 71, 72, 74, 75, 76, 77, 79, 82, 83, 84, 86, 91, 93, 94, 95, 97, 98
0, 1, 4, 5, 6, 7, 8, 10, 12, 13, 14, 16, 17, 18, 19, 20, 22, 23, 26, 27, 32, 34, 36, 37, 38, 39, 40, 42, 45, 48, 50, 54, 55, 57, 60, 61, 63, 64, 65, 67, 69, 72, 74, 75, 76, 77, 79, 81, 82, 83, 85, 86, 89, 92, 94, 95, 96, 97, 99
0, 1, 2, 5, 6, 7, 8, 10, 13, 16, 19, 22, 27, 28, 30, 31, 32, 33, 35, 39, 40, 41, 43, 44, 48, 49, 51, 52, 53, 54, 55, 57, 58, 60, 62, 66, 67, 71, 75, 79, 80, 86, 87, 88, 89, 90, 94, 96, 97, 99
0, 6, 9, 11, 12, 14, 16, 18, 21, 22, 23, 25, 26, 30, 32, 33, 34, 36, 37, 38, 40, 41, 42, 45, 46, 49, 50, 51, 52, 54, 60, 61, 62, 63, 65, 67, 68, 69, 70, 71, 72, 74, 75, 77, 79, 82, 83, 85, 87, 90, 92, 95, 96, 97, 98
66, 69, 41, 16, 53
0, 2, 4, 5, 7, 8, 9, 10, 13, 14, 15, 16, 19, 20, 21, 24, 27, 28, 29, 31, 33, 35, 39, 43, 44, 51, 55, 56, 58, 60, 61, 66, 67, 68, 70, 71, 72, 75, 76, 78, 80, 84, 86, 88, 90, 92, 93, 95, 97
7, 9, 12, 19, 22, 23, 25, 27, 31, 32, 35, 36, 37, 38, 45, 47, 48, 50, 52, 53, 55, 62, 63, 72, 75, 79, 80, 83, 89, 90, 92, 94, 96, 98
3, 4, 6, 7, 10, 12, 13, 14, 17, 18, 19, 20, 24, 31, 32, 35, 40, 41, 43, 44, 45, 48, 49, 52, 55, 56, 57, 58, 62, 63, 65, 66, 67, 68, 71, 72, 74, 75, 76, 77, 80, 82, 83, 84, 89, 90, 91, 92, 94, 95, 96, 98
6, 7, 10, 13, 18, 30, 38, 40, 45, 46, 50, 60, 61, 62, 64, 65, 66, 70, 73, 75, 83, 91
32, 77, 19, 84, 54, 91, 61
0, 7, 8, 9, 11, 12, 13, 15, 18, 24, 25, 28, 29, 33, 35, 39, 41, 43, 44, 53, 56, 58, 59, 62, 64, 69, 73, 81, 84, 85, 90, 94, 99
0, 1, 4, 5, 6, 7, 9, 10, 11, 13, 15, 18, 19, 22, 23, 24, 25, 27, 30, 31, 32, 34, 36, 38, 40, 41, 42, 44, 46, 47, 50, 52, 53, 54, 55, 56, 57, 59, 61, 62, 64, 65, 66, 69, 70, 72, 73, 74, 75, 77, 78, 79, 80, 84, 86, 87, 88, 89, 90, 91, 92, 95, 98, 99
1, 2, 4, 5, 6, 7, 11, 13, 14, 19, 20, 21, 23, 24, 25, 30, 31, 33, 35, 36, 40, 41, 42, 44, 48, 57, 59, 61, 64, 66, 68, 70, 71, 73, 74, 75, 77, 80, 82, 85, 89, 92, 94, 96, 98
0, 2, 3, 5, 7, 8, 9, 10, 12, 16, 18, 19, 20, 28, 31, 33, 36, 38, 42, 43, 45, 46, 47, 49, 50, 51, 52, 54, 55, 57, 58, 59, 61, 62, 63, 64, 65, 66, 68, 70, 72, 73, 74, 76, 78, 79, 81, 82, 83, 84, 85, 86, 88, 90, 93, 97, 98, 99
4, 6, 7, 14, 29, 38, 39, 42, 43, 44, 45, 56, 58, 63, 68, 71, 75, 79, 80, 87, 88, 91, 94, 95, 99
1, 2, 7, 8, 9, 12, 16, 17, 20, 22, 23, 25, 26, 27, 28, 32, 34, 35, 37, 38, 40, 43, 47, 48, 51, 52, 53, 54, 56, 57, 58, 59, 60, 61, 62, 63, 64, 65, 66, 67, 68, 71, 72, 73, 75, 77, 79, 80, 81, 82, 84, 85, 86, 91, 92, 93, 94, 95, 96, 97
1, 3, 4, 5, 6, 7, 9, 12, 13, 14, 16, 17, 19, 21, 22, 23, 25, 26, 27, 29, 31, 34, 38, 40, 41, 42, 43, 44, 45, 46, 47, 50, 52, 53, 54, 55, 58, 61, 62, 63, 65, 66, 68, 69, 71, 72, 75, 79, 80, 84, 85, 86, 87, 89, 90, 95, 96, 98
35, 41, 43, 78, 82, 84, 20, 89, 27, 28, 61
0, 1, 2, 5, 6, 8, 9, 12, 15, 17, 18, 21, 22, 23, 24, 25, 27, 28, 30, 32, 34, 35, 38, 40, 44, 45, 47, 49, 51, 52, 53, 54, 55, 59, 60, 63, 64, 65, 67, 68, 69, 70, 71, 72, 75, 76, 77, 78, 79, 80, 81, 82, 84, 86, 87, 88, 90, 91, 94, 97, 98
96, 65, 98, 71, 77, 79, 82, 83, 21, 86, 58, 27, 28, 63
1, 5, 6, 7, 8, 10, 12, 13, 17, 20, 21, 22, 23, 25, 26, 27, 28, 35, 37, 44, 45, 56, 61, 62, 63, 70, 72, 78, 84, 85, 88, 98, 99
0, 5, 6, 15, 17, 19, 20, 21, 23, 25, 26, 27, 32, 36, 40, 41, 45, 46, 47, 52, 55, 56, 57, 58, 63, 64, 67, 70, 74, 76, 78, 79, 83, 87, 89, 91, 96, 98, 99
0, 4, 5, 6, 9, 10, 13, 15, 16, 17, 20, 23, 24, 25, 27, 29, 30, 31, 32, 33, 34, 36, 37, 38, 41, 43, 45, 49, 51, 54, 55, 58, 60, 65, 66, 67, 71, 72, 74, 75, 78, 82, 83, 84, 85, 86, 87, 90, 91, 92, 93, 94, 95, 98
0, 1, 5, 19, 24, 26, 29, 30, 35, 44, 49, 53, 55, 64, 66, 73, 76, 77, 78, 80, 84, 87, 88, 90, 91, 94, 95, 96, 98, 99
1, 2, 3, 5, 8, 9, 10, 12, 14, 17, 18, 21, 24, 28, 29, 30, 31, 33, 34, 35, 36, 39, 42, 44, 48, 51, 52, 53, 54, 57, 58, 60, 63, 66, 71, 72, 74, 75, 76, 77, 78, 79, 80, 82, 84, 89, 91, 92, 94, 95, 97, 98
0, 3, 12, 16, 21, 22, 25, 32, 33, 36, 42, 45, 46, 53, 56, 57, 60, 63, 66, 68, 70, 72, 74, 77, 92, 94, 96
0, 2, 4, 5, 7, 10, 12, 13, 14, 15, 19, 20, 22, 24, 25, 26, 27, 28, 35, 37, 39, 40, 42, 44, 49, 51, 54, 55, 56, 57, 58, 60, 61, 62, 63, 67, 72, 76, 79, 80, 81, 82, 84, 86, 89, 90, 91, 96, 97, 98
1, 2, 4, 6, 9, 10, 11, 13, 19, 23, 24, 25, 26, 30, 33, 34, 37, 39, 40, 42, 43, 45, 47, 58, 59, 60, 63, 65, 68, 73, 76, 80, 81, 82, 86, 90, 91, 93, 96, 98
69, 39, 72, 41, 43, 76, 15, 17, 18, 84, 85, 54, 21, 94
0, 2, 3, 4, 8, 13, 14, 15, 16, 17, 19, 21, 22, 23, 25, 26, 30, 31, 35, 36, 38, 40, 42, 45, 46, 48, 54, 55, 57, 58, 59, 60, 61, 62, 63, 68, 70, 73, 78, 80, 81, 83, 85, 86, 87, 88, 90, 91, 96, 99
0, 3, 4, 5, 7, 8, 11, 12, 13, 14, 15, 16, 17, 20, 21, 22, 26, 30, 31, 32, 33, 35, 40, 42, 43, 45, 47, 49, 50, 52, 55, 59, 60, 61, 63, 69, 71, 74, 79, 80, 82, 88, 90, 91, 92, 93, 97, 99
7, 8, 9, 11, 15, 17, 18, 21, 22, 24, 25, 31, 33, 35, 37, 39, 40, 42, 47, 49, 50, 54, 63, 64, 65, 66, 68, 70, 73, 74, 75, 76, 79, 80, 81, 82, 86, 87, 88, 90, 91, 92, 93, 98, 99
1, 2, 4, 10, 11, 13, 21, 23, 26, 28, 39, 52, 58, 62, 68, 74, 75, 84, 88, 89, 92, 94, 99
96, 67, 4, 5, 70, 41, 42, 11, 10, 74, 20, 22, 62, 94, 30
1, 6, 11, 16, 17, 20, 24, 27, 31, 34, 35, 41, 42, 43, 44, 45, 47, 52, 62, 69, 70, 71, 77, 78, 82, 87, 91, 95, 98
2, 3, 4, 7, 8, 18, 20, 36, 41, 42, 44, 45, 47, 50, 51, 58, 68, 71, 73, 76, 78, 81, 85, 87, 88, 90, 91, 96
89, 1, 69, 37, 70, 40, 9, 11, 13, 77, 15, 81, 51, 57, 90, 59, 61
55
8, 9, 10, 13, 17, 20, 27, 28, 32, 33, 34, 45, 46, 52, 55, 57, 58, 63, 64, 67, 68, 70, 72, 73, 74, 75, 79, 94, 96, 99
4, 8, 12, 15, 16, 18, 19, 20, 28, 30, 31, 32, 33, 35, 37, 39, 40, 42, 43, 44, 46, 47, 49, 53, 54, 56, 58, 61, 64, 65, 66, 68, 71, 73, 78, 82, 84, 85, 87, 88, 90, 97, 98, 99
1, 66, 68, 42, 25, 90, 62
1, 4, 6, 9, 17, 24, 25, 26, 28, 32, 40, 42, 43, 45, 48, 51, 53, 54, 55, 61, 63, 64, 66, 73, 74, 77, 79, 86, 92, 94, 96, 97, 98, 99
0, 1, 2, 3, 5, 6, 7, 8, 9, 14, 17, 18, 20, 21, 23, 25, 26, 27, 30, 34, 36, 37, 38, 39, 40, 41, 42, 43, 44, 47, 51, 53, 54, 57, 59, 60, 62, 63, 64, 65, 66, 69, 73, 76, 77, 78, 79, 80, 84, 85, 87, 88, 89, 92, 95, 97, 98, 99
0, 3, 8, 11, 13, 15, 16, 17, 21, 22, 25, 33, 35, 37, 38, 40, 41, 44, 47, 49, 50, 53, 59, 60, 61, 63, 64, 66, 73, 74, 76, 77, 78, 79, 86, 90, 93, 96, 97, 99
0, 2, 3, 4, 5, 6, 8, 9, 11, 13, 14, 15, 16, 17, 18, 21, 25, 27, 30, 32, 34, 35, 38, 40, 42, 46, 47, 49, 51, 52, 57, 58, 60, 61, 63, 66, 67, 68, 75, 76, 77, 79, 80, 81, 83, 86, 87, 88, 90, 91, 92, 93, 95, 97, 98, 99
6, 10, 14, 18, 19, 22, 29, 33, 40, 41, 42, 44, 45, 53, 54, 55, 57, 62, 65, 66, 68, 72, 73, 77, 82, 84, 91, 92, 93, 94, 99
4, 13, 14, 16, 21, 23, 24, 33, 38, 47, 63, 64, 69, 70, 71, 76, 78, 80, 83, 84, 92
33, 3, 4, 37, 38, 9, 74, 11, 44, 13, 16, 18, 51, 53, 56, 24, 29, 30
1, 2, 5, 6, 9, 10, 11, 13, 15, 17, 18, 19, 21, 24, 25, 26, 27, 28, 30, 32, 34, 38, 39, 40, 44, 46, 48, 49, 51, 53, 54, 55, 57, 60, 63, 67, 70, 71, 72, 73, 77, 79, 80, 81, 86, 87, 89, 90, 91, 92, 94, 95, 96
2, 3, 4, 5, 7, 8, 10, 11, 13, 14, 16, 17, 19, 21, 22, 23, 24, 25, 27, 30, 31, 32, 34, 35, 37, 38, 40, 41, 42, 44, 46, 47, 51, 54, 55, 59, 64, 66, 70, 71, 72, 77, 78, 79, 80, 81, 82, 84, 85, 86, 88, 91, 92, 95, 97, 99
2, 3, 5, 7, 9, 17, 20, 22, 29, 31, 37, 39, 43, 45, 46, 51, 58, 59, 65, 70, 71, 73, 82, 83, 85, 91, 95, 96, 98
3, 5, 7, 8, 10, 11, 12, 13, 14, 15, 17, 19, 23, 24, 27, 31, 32, 35, 37, 43, 46, 47, 49, 50, 54, 55, 57, 60, 63, 67, 68, 71, 73, 75, 77, 78, 89, 95, 97, 99
64, 97, 69, 6, 13, 77, 17, 50, 85, 21, 30, 25, 58, 31, 94, 63
70, 73, 44, 77, 47, 16, 54, 22
0, 1, 2, 5, 9, 10, 11, 12, 13, 16, 17, 18, 19, 20, 21, 22, 24, 25, 26, 27, 30, 31, 32, 34, 35, 36, 37, 39, 40, 41, 42, 45, 46, 48, 51, 52, 53, 54, 55, 57, 58, 59, 60, 64, 65, 67, 72, 73, 76, 79, 81, 84, 86, 87, 88, 90, 91, 93, 95, 98, 99
3, 5, 6, 8, 15, 16, 18, 21, 24, 30, 31, 35, 38, 41, 46, 50, 53, 63, 64, 69, 75, 77, 80, 83, 88, 93, 96, 98
66, 41, 42, 78, 47, 80, 26, 27, 31
64, 36, 69, 72, 79, 50, 23, 28, 31
0, 2, 3, 4, 7, 9, 10, 12, 14, 15, 18, 20, 21, 23, 25, 28, 29, 35, 36, 39, 40, 41, 42, 43, 45, 47, 48, 50, 51, 54, 55, 57, 63, 64, 65, 66, 67, 68, 72, 76, 77, 78, 79, 80, 82, 83, 84, 86, 87, 88, 91, 93, 94, 97
64, 2, 76, 51, 52, 90, 95
